numbers
443 984 5568
681 343 3903
479 904 8635
684 756 0649
675 621 8697
601 573 6720
494 704 6856
432 851 0053
631 283 3747
440 682 5487
462 045 5164
619 520 8582
476 884 0191
486 127 4729
632 558 4406
685 696 8558
655 100 9573
464 994 2675
625 291 6846
618 871 4893
471 878 5057
645 608 6620
642 498 4879
603 439 0389
617 439 8587
437 785 0059
648 612 1491
498 875 1058
612 790 6938
435 668 3242
681 121 9475
416 680 3271
610 569 5268
428 344 5207
400 138 1931
489 299 7048
650 107 6749
648 326 1691
623 508 5583
459 037 8132
672 279 2870
694 157 0059
655 107 7889
459 561 4659
404 488 9082
615 162 3940
432 142 1144
646 194 9119
439 813 6150
424 262 5405
602 882 1969
667 102 5282
429 017 8294
475 158 2348
624 721 0280
434 865 5456
463 664 5391
417 562 3728
498 567 0030
418 858 8624
476 823 8637
615 098 9909
655 565 7057
457 006 8898
473 382 9817
476 267 0030
440 050 6231
705 725 2943
483 405 0580
499 803 8273
686 552 7410
683 017 3191
678 176 1994
647 998 0743
461 158 3953
439 719 6710
602 674 3774
475 566 0661
419 565 4009
683 035 0093
456 335 9920
483 472 2198
673 097 5148
637 293 4760
619 647 2461
401 528 5085
491 210 0617
442 872 9855
453 692 7123
410 878 1082
483 975 5841
479 850 8926
680 252 0346
430 111 7393
707 900 8409
618 926 5308
629 126 7373
648 281 3887
702 401 7775
478 750 3480
445 615 3040
602 749 2201
616 956 6736
425 125 7928
656 047 9994
692 611 4188
471 205 9869
440 729 6240
477 650 3484
443 187 0067
459 968 5100
452 505 1965
416 294 8143
606 629 1718
418 265 4870
443 136 9627
654 692 3912
475 096 0330
402 975 1903
700 650 2551
432 773 3741
690 395 7928
703 773 4136
472 411 9721
404 465 1965
412 920 5846
411 258 7880
663 335 5424
415 257 9846
462 658 6171
444 146 8016
680 492 6900
663 819 0938
633 798 2231
660 350 8648
471 913 8128
699 350 7838
489 733 6716
650 458 8546
658 570 2344
611 455 4523
633 179 1728
678 687 2638
401 800 6918
450 121 7642
445 437 3094
421 254 2714
616 454 9698
674 244 7338
471 226 0939
474 368 1456
641 631 8229
665 463 4918
628 818 3814
673 122 0434
697 275 6049
470 220 6419
468 266 7556
495 152 1962
456 829 2069
655 143 9004
620 892 9377
426 212 2832
440 842 8205
482 601 7642
602 890 9688
410 773 8329
603 874 8784
476 957 7834
473 630 5436
604 539 8610
428 190 3348
602 945 6547
491 571 4314
406 722 5628
707 868 8961
698 892 7735
447 647 6236
684 147 5453
651 229 7938
451 151 5565
653 691 3825
420 017 7757
621 588 2445
471 308 5251
487 845 0657
470 784 6688
438 283 5879
451 730 9584
702 846 0622
437 156 0954
403 339 9798
707 316 9133
707 591 3182
488 690 9329
460 752 1639
646 962 3824
440 769 1212
475 809 2435
630 748 4748
699 192 4814
407 276 6658
708 576 8053
432 624 0148
602 440 7483
420 078 7563
663 563 6897
704 818 9894
679 521 1584
647 497 9518
687 848 6092
432 804 6357
444 381 6542
481 491 9220
623 939 0739
624 591 3004
675 635 1745
488 033 0671
690 358 3734
692 469 9049
485 971 3567
434 095 3687
695 329 5848
432 720 8248
439 473 9365
416 994 8874
682 325 6648
469 207 7069
458 476 0381
400 285 5562
426 442 2868
619 369 3181
705 975 3141
455 551 1662
669 173 5412
681 536 2779
669 537 1911
610 563 4706
460 255 3761
451 639 9741
612 857 1808
431 990 0901
464 695 2009
639 782 0475
400 096 0059
453 069 6561
432 902 1889
609 728 7739
674 443 7267
624 318 5354
641 871 0657
449 140 9250
656 305 2495
472 199 6098
416 351 7979
702 306 2718
423 418 6511
608 154 4400
681 481 6148
469 068 8893
461 612 6895
671 159 0570
492 269 5842
428 065 0225
453 174 6546
494 864 5907
650 860 2810
482 939 1316
690 768 3873
620 043 0632
627 833 0628
703 039 1934
683 895 8031
430 410 0009
450 918 0373
655 524 3074
475 525 3004
639 013 6269
409 896 3280
656 032 1770
419 260 2083
444 534 4931
626 783 3798
404 243 5173
426 153 5424
606 484 4094
694 219 1132
625 629 0917
496 702 6095
645 416 3059
622 377 5393
640 974 3637
403 416 8013
694 679 0111
433 846 3783
677 862 8995
487 096 3094
617 817 4284
420 162 4595
479 162 9809
419 858 8031
451 517 9004
707 168 2321
472 535 9556
490 141 8955
674 145 4977
687 636 0210
452 337 9580
605 360 3481
629 800 6834
631 435 0271
489 863 6055
417 521 0334
413 535 8993
435 537 4017
425 215 1694
487 945 4656
470 085 8656
697 647 4269
604 713 1336
403 401 1084
412 267 6312
482 150 9210
471 060 3766
401 261 6862
681 878 1721
627 957 4938
622 718 2079
454 897 0177
643 970 7337
624 984 8843
667 915 3026
489 038 7293
621 027 5761
600 528 7869
704 204 2743
611 833 7802
492 687 3664
417 107 0457
433 289 0566
402 663 0811
433 259 1593
640 301 7446
451 514 1422
641 806 2078
628 640 8118
660 530 4616
646 967 2981
624 186 4807
455 251 1866
476 205 4348
416 887 4931
480 423 2451
432 922 8734
653 906 8972
644 632 7242
646 976 4444
475 863 4602
492 825 0893
414 472 8021
433 763 5068
692 589 9386
672 295 5699
683 731 3185
693 039 2391
449 740 6717
404 344 8422
422 209 5567
416 130 8442
682 676 4040
606 662 3435
483 951 4186
663 831 6397
620 111 8675
431 781 5192
425 123 9113
485 488 0228
401 374 4902
690 261 6434
614 148 2201
635 216 9465
681 175 6381
640 709 5476
482 507 9954
446 898 0125
706 944 7116
410 555 5464
475 406 2574
605 092 1652
618 690 5187
604 810 8648
423 667 5080
657 362 5633
629 190 8298
442 721 2417
707 610 8402
455 408 2458
620 048 0613
457 091 6554
645 666 3997
469 021 2910
685 910 8932
676 950 4251
404 060 4008
486 578 9197
491 166 2700
486 244 5764
476 444 2388
441 339 4542
455 876 9148
631 582 7225
675 436 7385
621 764 1844
677 486 1652
625 332 5604
623 431 9416
423 906 3345
484 105 4073
467 132 2331
605 986 2527
678 622 7376
668 552 8427
705 418 5196
706 401 1387
435 918 8781
707 899 3632
625 836 7968
611 313 7252
608 683 3893
420 533 1525
645 442 5266
442 005 9044
634 965 1723
462 292 5729
440 158 4481
664 011 3554
665 149 5518
419 552 7597
477 862 7997
421 154 5043
441 294 6428
673 098 7243
701 972 7514
701 807 0384
489 478 6559
644 140 3285
438 206 2268
703 608 3581
615 755 8059
480 390 5134
442 297 5153
459 328 9211
459 085 2829
426 008 7282
680 624 0410
696 692 7201
437 970 0186
447 354 1800
402 570 3548
419 593 9852
411 672 9086
463 161 9708
404 980 3046
668 180 7852
635 154 1239
629 233 8142
446 666 1707
672 419 0525
647 636 9717
640 389 6741
698 769 9887
643 326 9613
485 577 8079
419 567 0713
610 631 6635
456 809 4895
615 578 2865
492 698 2900
696 114 0157
413 217 2767
437 289 2527
679 957 7362
446 033 4577
452 513 2124
449 607 1126
455 277 3704
425 803 2484
652 986 8046
672 532 1186
612 320 1352
479 352 2769
458 238 4617
610 427 6466
461 243 7624
624 742 4213
647 120 4736
662 465 0427
444 438 6231
690 135 4150
647 685 0954
470 725 1005
695 130 9892
600 583 4827
640 475 3537
480 966 5275
633 269 5153
410 071 7415
662 414 8969
607 271 2223
470 224 8715
477 342 5792
410 710 6462
454 249 0262
687 403 0116
467 034 9031
489 802 4343
635 265 7842
484 097 7763
403 579 9009
657 196 7502
603 279 2013
615 213 8221
490 930 9187
697 537 2640
498 909 5820
416 760 9339
468 860 5994
672 587 1909
630 602 1507
485 943 2037
691 014 4864
437 235 8393
447 424 5318
683 203 4261
494 947 5932
435 597 5916
675 739 2542
692 291 7936
422 305 7731
684 996 6936
420 749 4790
497 576 0355
677 140 1243
418 629 6251
639 810 1715
473 495 6111
487 529 5340
415 047 2041
420 500 7450
434 697 8177
405 471 6768
609 444 8537
671 050 5936
415 359 5705
684 605 7927
678 227 5260
669 925 7773
707 575 6826
470 932 0489
415 234 6248
493 786 9353
446 836 7180
662 105 1441
484 812 1558
617 062 1117
438 541 8381
655 201 6972
413 524 4351
420 292 8202
699 024 5972
630 899 3778
606 959 9543
652 316 0718
637 931 9921
433 649 0244
642 683 5102
686 338 9649
651 937 6701
481 421 2674
464 023 2225
694 641 0653
649 771 8230
702 836 7037
433 223 9717
680 063 3135
461 923 4532
485 374 1739
491 953 8588
415 617 0705
400 592 6894
491 084 4546
679 670 0651
488 420 7718
438 404 1276
450 110 4880
453 749 4506
619 252 1115
679 358 2690
676 594 5679
696 564 2149
694 176 1261
414 449 4500
644 039 4789
464 547 0531
682 689 6338
660 277 2090
475 146 9843
484 681 4637
631 596 5164
683 200 5075
488 700 5148
615 897 9902
699 477 7383
413 930 4030
494 382 8752
416 804 8659
439 760 0503
452 601 4486
489 566 8207
658 141 0985
481 630 5467
640 281 4512
602 295 3545
676 154 3576
612 179 1306
610 810 6050
436 415 8097
494 840 8220
489 381 5156
669 814 1585
461 372 9661
620 406 6331
425 168 0677
420 575 7441
629 855 5811
652 056 2424
481 904 9755
449 011 8384
435 722 1617
634 319 9152
484 899 2281
451 277 3789
687 773 4718
470 725 4233
705 921 9803
422 454 3133
490 590 4099
427 666 5094
483 070 9839
640 700 9073
644 217 2295
473 476 9591
641 905 2319
624 052 6754
674 626 9159
666 152 8923
477 795 7799
408 567 0360
450 229 7526
434 935 7149
434 908 2190
406 766 1126
624 949 4502
451 613 4004
669 986 2332
632 020 0472
463 674 8425
415 382 1527
442 487 8856
494 915 2262
628 020 7064
462 771 2693
653 993 2774
681 483 9598
458 142 6324
623 021 9972
639 802 7035
639 588 2813
695 169 5245
610 436 3911
429 412 6035
647 537 0487
407 048 5341
483 508 2311
407 420 0864
675 049 9465
627 051 0619
473 848 0898
669 419 9163
625 409 7737
669 673 7308
468 690 4366
680 167 0670
472 842 2461
486 201 1314
656 302 6796
645 406 0667
677 853 8538
664 248 5912
706 290 7243
650 323 3132
620 139 0472
626 222 9493
679 097 4121
441 139 2828
403 524 9394
409 867 2847
454 370 5386
489 413 9529
444 182 6761
491 735 1685
604 312 6184
660 392 0549
684 418 2589
453 799 1909
411 084 0562
416 182 3290
646 468 0560
415 440 7236
430 043 9257
684 642 5314
672 429 6544
492 091 1092
478 535 7673
483 065 4376
418 306 1342
679 361 8911
497 184 3493
694 576 8945
411 408 5610
499 140 1836
682 616 2784
685 113 0726
700 334 6311
417 159 9458
474 395 5009
604 367 9485
401 884 0217
705 515 6467
471 425 2860
661 699 1911
462 148 1274
465 540 1419
635 128 0303
617 541 1501
657 300 5171
634 616 0664
476 709 5913
428 168 3380
694 567 0503
465 355 1642
494 933 3879
660 070 5345
654 815 5440
656 434 2977
616 168 8166
430 757 8619
496 237 1800
437 130 7639
426 259 0658
407 163 7412
639 547 9881
687 442 5196
437 387 8404
460 062 5269
429 753 4517
454 809 5705
484 697 2720
448 987 2240
672 067 0662
608 509 3152
414 716 2029
428 144 7369
607 502 8390
620 737 7826
455 080 9760
464 760 2575
483 929 6243
462 178 2657
677 978 8465
432 922 3007
495 140 5687
403 763 6913
400 257 8879
475 390 2641
686 894 6309
663 729 8255
455 025 3886
684 912 7012
478 997 4375
633 059 0508
680 964 9719
618 603 8297
430 459 1487
684 385 5172
658 008 5010
682 601 7547
474 554 1848
633 063 5935
430 394 7067
619 971 4385
692 111 8215
606 861 0314
434 246 4683
472 355 3541
608 227 6590
427 822 4427
471 487 0580
461 813 4895
643 747 4882
473 839 2387
658 018 5104
696 310 8765
636 861 2452
485 101 2055
667 918 9306
618 803 6062
650 599 7121
496 829 8617
604 202 4779
671 492 7169
420 193 9863
489 819 9291
457 899 5658
655 239 4675
408 276 3414
684 874 0160
695 541 8378
645 164 0476
696 800 4550
406 526 9334
403 142 2288
703 065 7330
488 558 2946
418 605 1135
621 902 2378
622 569 7888
461 232 6407
627 627 1225
443 538 8340
672 219 0153
419 439 3252
487 556 2357
678 734 8444
671 814 5467
684 212 5685
625 420 9551
610 607 1608
417 494 7996
406 549 4311
447 748 0695
676 810 3679
683 929 7012
659 693 0475
415 715 9519
438 736 5897
645 162 7100
629 193 9126
461 585 0263
492 557 7484
692 385 9565
641 919 0894
668 871 5120
649 815 1498
680 223 9140
487 956 3536
602 286 1217
471 404 9011
690 379 1868
424 158 0831
646 659 6389
624 720 8472
432 939 8184
674 710 6024
694 847 9855
450 993 9140
632 036 8691
447 321 4117
497 370 5985
617 788 3834
620 785 8778
683 202 8458
462 472 9137
489 961 4640
676 727 4976
431 229 6561
630 396 2386
485 757 9502
611 338 0580
624 095 3059
658 477 2365
429 928 1543
652 213 5388
684 346 3134
638 321 3997
406 108 3368
461 739 2394
615 240 7435
657 235 7066
476 108 9210
498 646 4094
495 311 1877
629 932 5550
465 848 0018
669 699 5471
413 157 0513
668 793 4074
645 439 1809
646 392 0428
672 784 9145
659 594 1562
683 656 4842
622 123 1159
457 771 8200
406 520 3546
422 343 5361
437 074 2919
600 603 4948
690 872 0268
654 944 2397
671 766 9861
680 203 3380
619 985 8794
466 681 2334
407 142 5652
611 385 8944
619 897 0906
608 078 2537
462 969 4390
467 275 3832
612 836 7291
454 098 8840
425 862 0432
427 920 7046
621 308 4924
660 354 2420
429 600 5782
405 630 9779
658 175 5435
400 977 7001
447 950 9615
472 174 8264
653 343 8824
608 154 3323
658 218 2358
624 607 9008
695 827 3435
492 646 4543
479 546 0574
427 454 3048
696 542 9194
682 123 3381
418 287 9759
628 726 2311
400 308 8247
495 321 7012
445 238 2355
480 407 9416
401 604 8451
621 976 2657
618 550 7544
605 841 5950
611 277 7908
437 481 2873
660 738 3157
695 638 4574
629 611 8066
400 914 7393
426 540 1635
683 976 7795
404 091 3353
647 056 2337
491 552 3217
666 563 6380
429 362 3493
605 851 2522
691 277 2935
626 481 8739
447 131 4920
487 489 7398
459 576 6831
479 826 1297
682 614 2597
430 908 1495
627 083 6107
697 376 8687
638 760 8929
440 359 9311
430 653 9091
682 877 9568
452 893 4310
401 815 3589
629 984 2148
659 839 7081
646 724 4281
447 199 1507
619 935 2408
649 795 4848
663 486 3679
701 477 2538
622 799 8842
457 439 0557
648 999 0989
477 807 5056
613 450 3967
661 142 5519
622 579 0039
604 481 2790
611 632 2808
660 151 4594
670 031 4879
664 925 2433
420 533 1444
672 833 5307
473 131 2310
702 814 7282
683 940 2584
670 437 3888
702 281 3019
412 242 3716
407 622 0471
634 439 6393
414 818 1280
612 172 0891
431 360 9709
434 301 1755
413 552 0693
689 187 5722
498 985 1196
409 354 3615
402 410 5132
703 171 4087
421 776 7439
418 384 3707
705 162 5705
430 898 8977
700 945 2326
441 748 2799
677 780 8787
470 471 7879
664 812 7856
444 191 8674
638 224 2691
450 773 6412
444 351 6565
641 547 3018
646 466 0217
673 107 8840
427 247 6025
469 079 9539
683 871 1362
655 557 9447
695 656 7202
467 946 1292
693 765 3948
448 287 3993
460 046 0820
686 148 4954
628 664 4997
422 417 1384
435 631 3534
601 098 9728
458 465 2198
635 645 3737
472 820 5770
402 558 9133
693 050 2073
683 430 7559
675 679 1478
492 449 4461
612 479 7968
663 696 1368
440 699 8462
657 636 9875
435 818 6963
493 134 4712
662 853 7587
643 990 9894
405 890 4534
412 011 1032
444 593 7428
708 688 3034
487 435 3991
702 320 7023
443 175 9190
441 858 9503
642 347 4494
436 585 4860
479 186 2627
648 333 1355
675 954 7624
665 204 2517
493 586 7108
466 374 5415
646 154 7118
642 791 2070
644 512 7517
421 170 0375
447 929 0818
615 650 0944
699 042 7086
698 858 7098
605 212 4660
637 321 9690
454 199 4763
641 493 5921
461 185 6879
660 990 4677
471 821 7520
637 239 4340
624 434 2941
646 521 3354
403 763 7472
466 481 4321
478 645 5970
616 292 3029
668 768 4167
617 344 6723
702 830 5341
429 434 2994
496 666 7402
445 733 1899
668 469 7942
476 513 2919
635 264 7782
673 890 3936
679 413 4292
460 054 4048
670 265 4162
632 640 7621
481 645 2192
641 914 0153
647 842 1562
666 046 3941
669 607 8002
658 365 1653
680 028 9612
633 694 5014
418 752 1712
703 956 4327
495 349 4288
458 836 4863
469 151 2780
487 847 2081
468 586 0209
607 749 6898
651 857 3031
657 493 8031
634 741 0575
634 603 6793
634 524 5321
663 586 5683
644 380 6948
422 670 3499
401 590 9305
681 767 6231
439 743 6681
408 937 6165
604 861 3474
461 541 1243
499 530 1720
601 645 9569
684 508 9760
652 189 9899
655 718 0754
464 879 0642
637 199 7688
409 857 4543
621 416 4131
483 040 1818
463 018 7324
406 063 3038
436 042 4620
681 080 3572
646 395 5000
499 506 5830
615 647 6261
697 512 5937
496 286 3398
610 545 8649
419 226 0344
421 392 4386
460 576 8696
423 576 5337
456 753 4352
454 670 9242
476 531 2526
422 492 5907
447 016 8866
672 467 9656
632 772 9665
704 828 4595
630 595 1586
493 071 8619
439 667 2705
675 749 2571
492 339 4110
400 569 0645
686 080 7369
406 857 2739
454 594 2369
639 754 9941
484 857 9163
437 739 6021
456 768 9135
657 287 8295
414 894 6279
457 534 0332
403 370 4515
446 244 4612
690 247 5717
668 290 5459
699 815 0806
692 876 7685
433 641 3673
678 653 2772
437 018 7915
651 988 6475
643 422 9569
674 877 9863
443 848 7064
684 921 2230
423 985 1556
613 400 3611
626 343 6271
457 261 8658
667 160 7044
439 631 8103
450 860 3092
646 594 6890
635 380 4407
419 943 6537
601 244 7728
697 938 4635
620 540 3633
410 193 5351
640 790 0441
697 254 5749
691 446 3069
458 260 3289
434 338 8301
708 327 5580
436 198 8285
623 049 0498
410 333 4754
400 998 5380
675 749 2741
464 052 2673
453 747 8292
681 348 4079
655 111 2749
481 833 3735
695 840 3177
637 406 8475
612 681 3588
617 828 3407
662 616 2071
408 077 7426
403 899 0826
478 960 9472
699 530 6430
482 968 8246
421 340 5079
666 781 9377
623 223 3069
455 295 8186
641 307 3829
639 081 6723
444 387 0512
454 590 0224
635 353 0633
430 400 7548
461 864 9690
616 733 8795
602 746 6995
410 898 7578
445 383 6511
698 298 4796
485 089 7851
428 354 6453
706 308 3848
439 135 3156
700 091 2278
450 584 3297
470 483 2635
426 483 6670
404 303 0312
612 358 6130
401 420 2224
695 184 1764
604 855 7280
421 233 3899
424 918 3866
683 704 0154
480 519 6076
682 980 7174
602 569 3749
633 089 5775
438 758 3576
658 757 8616
661 205 9818
447 839 1157
476 992 5530
471 086 4438
637 495 4076
602 185 5450
666 371 7340
638 403 6304
400 065 4403
602 617 5210
681 782 2610
619 099 4717
647 786 5343
468 800 6942
401 734 6596
428 205 7785
496 418 4595
417 603 9043
481 418 3658
682 239 8279
412 027 5132
415 555 0334
680 187 6082
466 590 6130
447 732 0388
607 026 4215
469 341 8714
690 415 9642
633 736 5585
489 308 8718
408 231 7783
494 734 4903
696 868 1722
451 530 2493
613 705 5345
660 276 1528
459 294 1748
474 819 6343
604 351 8880
617 925 9100
414 726 9745
657 021 9979
497 143 9935
488 335 7767
451 972 6492
434 162 3346
413 153 6226
671 262 8830
439 040 7236
662 119 9600
691 510 1799
443 958 4187
611 798 1112
463 758 9452
482 225 6057
410 100 7241
680 697 6824
605 602 0916
605 939 1087
435 811 2277
612 736 4701
445 471 7265
484 897 2442
496 253 3819
660 719 5237
406 850 8054
634 724 9782
638 087 8688
623 373 2476
628 288 3067
471 235 0334
402 673 7098
707 314 4556
635 771 4372
680 673 4804
439 522 3575
642 612 7345
440 635 7793
409 216 0453
687 398 0374
470 082 3755
466 079 8429
665 934 6155
659 033 0670
685 859 1354
699 244 5944
693 970 7654
404 190 8957
703 366 6098
441 542 3388
623 487 2239
496 756 7444
614 409 5934
485 547 8636
450 366 3941
495 964 8546
618 411 1418
407 941 0395
480 420 9867
416 735 9154
490 295 6047
658 404 3932
474 987 8367
410 186 4888
601 105 9422
417 513 4999
450 854 7540
429 096 7647
656 907 4784
622 522 7997
684 843 4701
674 925 8883
477 082 1913
629 442 6561
418 001 4262
609 187 5582
655 164 8797
483 327 4493
447 842 3008
468 600 2125
449 087 7145
654 396 7269
631 576 8679
658 744 3273
407 664 4808
473 097 7483
628 267 6215
496 522 2849
432 880 8400
474 605 1097
461 746 3879
497 864 8769
641 915 1082
432 736 7575
487 506 7992
476 602 4117
681 990 1259
421 115 9895
690 355 3053
695 540 5896
473 409 0122
626 117 6418
456 994 7816
405 250 2213
478 195 2402
701 950 9584
649 666 7284
621 519 3739
697 439 2516
481 013 5446
445 197 2884
405 179 8003
645 117 0992
483 462 4781
405 743 7908
697 378 2965
603 272 7939
648 265 2565
601 785 8025
628 189 2925
462 886 8476
479 229 1801
485 425 6303
632 539 3465
453 810 2946
421 594 5607
678 659 1396
447 928 8821
412 504 1210
484 657 5004
421 681 2465
647 257 5932
487 367 5723
461 321 0127
426 202 0940
645 305 1923
691 277 9468
453 721 2306
611 651 2399
692 735 8927
405 938 2388
491 885 0049
499 526 3926
401 066 0023
445 041 2575
486 757 6409
686 739 8693
483 886 4094
402 416 1687
448 755 0408
663 289 4879
628 883 3630
446 456 7509
637 953 7783
482 071 6506
674 004 5259
446 793 9539
644 964 0359
414 908 3835
611 070 6752
491 942 2148
403 689 7241
493 826 9449
683 348 8371
437 813 8352
476 353 8225
415 397 0557
448 350 5262
689 738 3309
626 593 7928
468 592 1437
649 127 0750
654 480 5653
639 531 0550
622 708 2082
708 794 2069
445 922 4518
615 610 9803
427 141 9001
697 704 0874
435 716 5466
443 538 8847
601 391 3226
492 351 4922
442 280 1856
665 038 7304
682 395 9002
605 300 8230
458 497 3067
436 063 9775
601 939 4298
496 045 0002
411 088 3253
705 613 1654
475 929 2470
455 173 5841
632 450 0004
605 732 1219
610 820 2246
664 418 8419
608 114 0806
405 352 9301
610 757 5294
463 084 2950
499 698 6875
683 203 7821
471 737 3804
481 473 2767
697 163 6767
434 081 0762
422 372 5645
616 836 2169
618 216 3941
469 238 7599
464 206 8910
412 896 7017
439 067 5532
468 937 5917
475 501 6339
438 045 9756
418 999 1058
640 316 3108
706 745 8528
628 000 2047
632 262 5195
619 314 4455
468 562 4424
484 991 1196
667 263 9128
419 828 3745
432 180 4868
705 729 8188
429 865 4346
497 514 3593
634 138 4289
622 017 3147
433 336 4655
462 430 7615
468 841 1545
621 885 5554
704 683 4784
484 008 3177
679 511 0540
627 789 7853
642 891 3429
439 417 2624
678 982 2658
631 406 6786
603 082 6328
480 004 7269
650 367 6336
623 428 1389
698 115 1340
438 867 3323
653 478 0429
642 657 2187
422 301 7268
636 973 6880
405 815 2435
416 646 5570
477 665 8070
664 249 2692
484 357 9289
453 121 8647
449 682 0498
442 241 1888
638 711 4764
702 926 0635
402 731 2090
472 010 0422
416 910 8140
418 847 7326
434 631 5321
406 158 8532
617 419 3896
418 202 8856
639 431 0514
635 498 3836
464 015 9250
462 831 1617
669 439 1919
404 918 8147
453 613 5669
654 246 9036
443 389 5024
680 009 9899
480 763 8475
430 227 2074
681 748 4200
433 082 3330
654 458 7699
469 858 6364
697 929 2587
409 820 4576
648 109 5913
606 803 7819
671 646 7726
425 647 3572
437 477 5749
455 239 3138
456 295 4574
476 734 9052
429 112 9335
633 952 3862
611 841 1964
623 103 9072
498 000 4334
692 455 5888
418 484 9199
676 644 1674
660 522 0749
640 540 9112
669 423 7871
645 610 2278
492 788 9718
697 470 9900
447 728 9359
603 056 5567
432 930 0028
425 630 7214
702 063 5296
421 902 4794
409 025 1443
674 567 8667
453 801 8880
654 571 2500
409 794 6048
432 455 0026
461 774 2344
452 206 6597
671 015 6087
644 600 6187
696 778 5249
660 733 5586
640 503 3767
473 316 2898
403 003 3679
677 006 3514
704 697 8263
444 319 7966
615 005 4411
450 779 7438
657 255 1849
404 440 3112
652 750 0785
619 715 9643
431 276 7076
464 050 4942
623 818 5619
435 041 9276
632 307 7973
448 314 9008
673 864 7018
620 788 7387
421 305 2192
439 958 5404
675 456 4237
668 369 8120
699 009 6055
667 431 5753
620 786 3518
696 382 1453
644 728 7651
494 603 9767
403 620 0550
656 737 8352
442 305 3659
461 706 5857
447 066 8931
700 016 5898
417 480 6969
485 434 2404
695 057 0783
661 285 0825
429 411 3804
619 484 1427
623 228 4798
486 831 0097
494 271 7604
634 766 9986
432 070 7885
649 629 2841
608 447 0386
460 603 8063
648 123 7661
408 857 7361
641 561 1321
460 910 8194
462 248 3939
416 879 7147
496 562 6303
650 965 3788
675 644 6371
699 934 8189
666 336 6572
475 356 3472
496 276 2559
649 885 0442
651 142 1236
638 471 4167
613 302 6782
633 306 3169
602 090 2935
640 481 5672
430 573 6918
680 108 6650
695 601 9027
640 430 4279
454 446 3106
693 754 6882
459 485 4575
672 432 3975
612 616 8976
651 669 7825
651 828 3394
674 263 6505
498 600 6649
680 516 8805
480 558 2715
678 103 5088
405 813 3988
442 157 9084
412 911 3313
614 549 4476
634 639 7702
477 705 2869
615 727 6282
673 041 9334
430 785 3806
484 687 4400
684 835 8584
468 772 8758
667 457 5259
651 481 1337
630 276 4254
486 060 5543
664 011 4267
413 455 6872
630 703 2820
651 898 5917
417 922 5441
623 074 6891
635 258 3075
489 320 3568
404 873 2390
419 322 8452
620 934 1683
693 191 1554
470 713 1530
411 248 0725
436 566 6770
452 003 7662
433 723 6376
696 671 0636
470 931 8581
617 865 0841
637 768 0406
464 657 2907
456 577 1802
704 518 6525
412 838 7983
637 008 5367
496 995 4933
692 279 5504
692 400 8143
662 948 1429
658 475 3840
415 586 7478
454 534 2434
447 589 0632
603 675 5341
416 724 4489
416 073 9385
457 245 9053
430 921 9454
666 017 6799
406 177 7971
669 461 1846
659 151 8231
660 095 3926
486 998 0584
705 308 2830
678 531 8165
678 637 8889
497 047 7302
467 849 0035
619 080 3091
418 258 8479
682 558 0027
460 191 7441
656 824 4236
702 029 7668
696 115 4336
448 979 1879
470 518 5501
490 840 3619
620 627 2303
637 584 7192
418 864 7108
408 071 8381
430 717 4399
706 135 0873
668 113 3355
667 804 4932
481 781 9146
404 684 8197
420 293 7171
432 404 5828
641 277 4238
454 131 5327
611 468 7949
465 506 5656
469 764 2775
413 594 9320
665 749 6257
633 914 2877
608 346 0603
404 597 2978
453 613 5111
469 278 5284
405 142 3530
649 515 6189
673 420 8281
628 774 6335
676 020 7602
442 841 6369
671 413 8903
673 994 3141
449 973 7354
451 701 2468
646 207 4957
624 688 8801
410 732 6144
699 048 1730
621 261 0924
602 023 3421
414 560 4806
443 543 5195
605 748 8105
611 478 6513
456 054 6045
478 935 7430
684 352 7310
602 821 7735
687 572 9741
635 597 4040
665 744 2769
678 527 8287
676 045 4685
689 738 6634
481 662 7391
644 057 6151
486 984 1266
438 196 9901
475 268 6694
621 694 3367
463 663 5590
662 882 6678
668 744 5278
415 111 8675
642 178 3147
642 874 3973
413 837 1060
600 695 6551
499 110 9221
496 763 2920
478 211 1339
434 871 1704
417 361 4705
415 208 8338
402 492 0553
690 771 4671
434 450 1985
428 609 1112
673 039 3610
652 621 4517
656 818 4233
623 697 6481
659 455 4506
435 244 5401
657 771 8644
447 738 8489
419 752 7241
647 640 5683
443 957 3126
410 982 0073
494 870 0444
474 930 1566
444 620 6249
661 919 3072
417 395 0667
612 769 6496
440 082 6392
404 564 7503
671 486 9908
405 825 8519
472 495 0072
481 008 5511
483 550 3147
418 619 9795
481 705 7173
686 182 8041
454 445 1108
609 125 9067
656 164 0705
606 973 6354
665 523 6355
602 081 1077
403 370 6712
423 724 6302
643 882 2655
451 166 8256
676 641 8516
428 769 3582
450 916 7644
492 847 2721
620 019 7512
660 704 1825
473 854 8417
442 615 0841
419 141 6804
499 341 0131
458 961 8001
475 793 9914
445 944 6332
601 653 8191
698 906 5281
438 731 6225
629 007 4598
468 901 3691
679 507 9007
631 379 1916
631 646 5637
409 764 7121
442 567 0272
631 173 6683
497 053 1013
417 305 7636
496 986 4756
467 380 1253
636 089 5943
495 331 1779
445 065 0387
634 218 3805
486 247 4357
699 424 9220
658 951 9641
607 407 9765
458 632 7103
627 972 7963
433 143 6446
672 825 6547
463 431 9462
467 421 8683
422 575 9393
454 202 7538
637 796 1871
600 538 7723
438 870 2080
469 019 4130
